{
 "cells": [
  {
   "cell_type": "code",
   "execution_count": 2,
   "metadata": {
    "collapsed": true
   },
   "outputs": [],
   "source": []
  },
  {
   "cell_type": "code",
   "execution_count": null,
   "metadata": {
    "collapsed": true
   },
   "outputs": [],
   "source": []
  },
  {
   "cell_type": "code",
   "execution_count": 109,
   "metadata": {
    "scrolled": true
   },
   "outputs": [],
   "source": [
    "import os\n",
    "import subprocess\n",
    "import numpy as np\n",
    "import scipy as sp\n",
    "\n",
    "import sys\n",
    "import json\n",
    "import time\n",
    "import matplotlib.pyplot as plt\n",
    "import matplotlib\n",
    "%matplotlib inline\n",
    "\n",
    "sys.path.append(os.path.join(os.environ['REPO_DIR'], 'utilities'))\n",
    "from metadata import *\n",
    "from preprocess_utilities import *\n",
    "from data_manager import DataManager\n",
    "from registration_utilities import *\n",
    "\n",
    "sys.path.append(os.path.join(os.environ['REPO_DIR'], '..', 'demo'))\n",
    "from a_driver_utilities import *\n"
   ]
  },
  {
   "cell_type": "code",
   "execution_count": 110,
   "metadata": {
    "collapsed": true
   },
   "outputs": [],
   "source": [
    "stack = \"MD585\"\n",
    "id_detector = 19\n",
    "structure = \"IC\""
   ]
  },
  {
   "cell_type": "code",
   "execution_count": 111,
   "metadata": {},
   "outputs": [],
   "source": [
    "fixed_brain_spec_fp, moving_brain_spec_fp = make_structure_fixed_and_moving_brain_specs( stack, id_detector, structure)"
   ]
  },
  {
   "cell_type": "code",
   "execution_count": 112,
   "metadata": {},
   "outputs": [
    {
     "name": "stdout",
     "output_type": "stream",
     "text": [
      "{u'resolution': u'10.0um', u'name': u'atlasV7', u'structure': [u'IC'], u'vol_type': u'score'}\n",
      "{u'detector_id': 19, u'resolution': u'10.0um', u'name': u'MD585', u'structure': [u'IC'], u'vol_type': u'score'}\n"
     ]
    }
   ],
   "source": [
    "brain_f_spec = load_json( fixed_brain_spec_fp )\n",
    "brain_m_spec = load_json( moving_brain_spec_fp )\n",
    "\n",
    "structures_f = brain_f_spec['structure']\n",
    "if isinstance(structures_f, str):\n",
    "    structures_f = [structures_f]\n",
    "    \n",
    "structures_m = brain_m_spec['structure']\n",
    "if isinstance(structures_m, str):\n",
    "    structures_m = [structures_m]\n",
    "    \n",
    "if brain_f_spec['vol_type'] == 'annotationAsScore': # If Neurolucida annotation\n",
    "    fixed_surroundings_have_positive_value = True\n",
    "    fixed_use_surround = True\n",
    "elif brain_f_spec['vol_type'] == 'score': # If detection score map\n",
    "    fixed_surroundings_have_positive_value = False\n",
    "    fixed_use_surround = False\n",
    "else:\n",
    "    raise\n",
    "\n",
    "print brain_m_spec\n",
    "print brain_f_spec"
   ]
  },
  {
   "cell_type": "code",
   "execution_count": 113,
   "metadata": {
    "scrolled": true
   },
   "outputs": [
    {
     "name": "stdout",
     "output_type": "stream",
     "text": [
      "upstream_warp_id                                                               None\n",
      "transform_type                                                                rigid\n",
      "grad_computation_sample_number                                               100000\n",
      "grid_search_sample_number                                                      1000\n",
      "std_tx_um                                                                        50\n",
      "std_ty_um                                                                        50\n",
      "std_tz_um                                                                        50\n",
      "std_theta_xy_degree                                                              10\n",
      "surround_weight                                                             inverse\n",
      "regularization_weight                                                           NaN\n",
      "terminate_thresh_trans                                                         0.01\n",
      "terminate_thresh_rot                                                           0.01\n",
      "history_len                                                                     100\n",
      "max_iter_num                                                                   5000\n",
      "learning_rate_trans                                                               1\n",
      "learning_rate_rot                                                              0.01\n",
      "comment                           structure registration with surround, no initi...\n",
      "Name: 7, dtype: object\n",
      "surround inverse True\n"
     ]
    },
    {
     "name": "stderr",
     "output_type": "stream",
     "text": [
      "Prior structure/index map not found. Generating a new one.\n",
      "Loaded moving volumes: [u'IC', u'IC_surround_200um'].\n",
      "Prior structure/index map not found. Generating a new one.\n"
     ]
    },
    {
     "name": "stdout",
     "output_type": "stream",
     "text": [
      "loaded_cropbox_resolution 10.0um\n",
      "voxel size for moving = 10.00 um\n",
      "voxel size for fixed = 10.00 um\n",
      "label_mapping_m2f {1: 1, 2: 1}\n",
      "{1: -0.7810675793732089, 2: 1.0}\n"
     ]
    },
    {
     "name": "stderr",
     "output_type": "stream",
     "text": [
      "Loaded fixed volumes: [u'IC'].\n",
      "Computing structure sizes: 0.14 s\n"
     ]
    }
   ],
   "source": [
    "registration_setting = 7\n",
    "alignment_spec = dict(stack_m=brain_m_spec, stack_f=brain_f_spec, warp_setting=registration_setting)\n",
    "\n",
    "aligner_parameters = generate_aligner_parameters_v2(alignment_spec=alignment_spec, \n",
    "                                                   structures_m=structures_m,\n",
    "                                                   fixed_structures_are_sided=True,\n",
    "                                                   fixed_surroundings_have_positive_value=fixed_surroundings_have_positive_value,\n",
    "                                                   fixed_use_surround=fixed_use_surround)"
   ]
  },
  {
   "cell_type": "code",
   "execution_count": 114,
   "metadata": {},
   "outputs": [
    {
     "name": "stderr",
     "output_type": "stream",
     "text": [
      "Label weights not set, default to 1 for all structures.\n",
      "Regularization weights not set, default to 0.\n",
      "indices_f: set([1])\n"
     ]
    }
   ],
   "source": [
    "from aligner_v3 import Aligner\n",
    "\n",
    "aligner = Aligner(aligner_parameters['volume_fixed'], \n",
    "                  aligner_parameters['volume_moving'], \n",
    "                  labelIndexMap_m2f=aligner_parameters['label_mapping_m2f'])\n",
    "\n",
    "aligner.compute_gradient(smooth_first=True)\n",
    "aligner.set_label_weights(label_weights=aligner_parameters['label_weights_m'])"
   ]
  },
  {
   "cell_type": "code",
   "execution_count": 115,
   "metadata": {},
   "outputs": [
    {
     "name": "stderr",
     "output_type": "stream",
     "text": [
      "Set initial transform to [ 9.95762842e-01  9.19691751e-02  2.97058176e-04  1.15774282e+03\n",
      " -9.19635605e-02  9.95728847e-01 -8.29580865e-03  4.97443355e+02\n",
      " -1.05874590e-03  8.23332256e-03  9.99965545e-01  4.66000000e+02].\n",
      "centroid_m: [1122.92362702  256.73383846  464.01339887], centroid_f: [1122.92362702  256.73383846  464.01339887]\n"
     ]
    }
   ],
   "source": [
    "# Assumes simple_global already finished\n",
    "T_atlas_wrt_canonicalAtlasSpace_subject_wrt_wholebrain_atlasResol = np.loadtxt(\\\n",
    "            os.path.join(DATA_ROOTDIR, 'CSHL_simple_global_registration', brain_f_spec['name'] + '_T_atlas_wrt_canonicalAtlasSpace_subject_wrt_wholebrain_atlasResol.txt'))\n",
    "aligner.set_initial_transform(T_atlas_wrt_canonicalAtlasSpace_subject_wrt_wholebrain_atlasResol)\n",
    "aligner.set_centroid(centroid_m='structure_centroid', centroid_f='centroid_m')\n",
    "\n",
    "\n",
    "grid_search_T, _ = aligner.do_grid_search( grid_search_iteration_number=0, grid_search_sample_number=10, \n",
    "                       std_tx=100, std_ty=100, std_tz=30, \n",
    "                       grid_search_eta=3.0, \n",
    "                       stop_radius_voxel=10, indices_m=None, parallel=True, \n",
    "                       init_T=None)"
   ]
  },
  {
   "cell_type": "code",
   "execution_count": 116,
   "metadata": {},
   "outputs": [
    {
     "name": "stderr",
     "output_type": "stream",
     "text": [
      "Set initial transform to [ 9.95762842e-01  9.19691751e-02  2.97058176e-04  1.15774282e+03\n",
      " -9.19635605e-02  9.95728847e-01 -8.29580865e-03  4.97443355e+02\n",
      " -1.05874590e-03  8.23332256e-03  9.99965545e-01  4.66000000e+02].\n",
      "centroid_m: [1122.92362702  256.73383846  464.01339887], centroid_f: [1122.92362702  256.73383846  464.01339887]\n"
     ]
    }
   ],
   "source": [
    "init_T = grid_search_T\n",
    "aligner.set_initial_transform(init_T)\n",
    "aligner.set_centroid(centroid_m='structure_centroid', centroid_f='centroid_m')"
   ]
  },
  {
   "cell_type": "code",
   "execution_count": 117,
   "metadata": {
    "scrolled": true
   },
   "outputs": [
    {
     "name": "stderr",
     "output_type": "stream",
     "text": [
      "1: 2809527 valid, 587841 out-of-bound voxels after transform.\n",
      "2: 8408297 valid, 1413499 out-of-bound voxels after transform.\n",
      "\n",
      "iteration 0\n",
      "1: 2809527 valid, 587841 out-of-bound voxels after transform.\n",
      "2: 8408297 valid, 1413499 out-of-bound voxels after transform.\n",
      "Norm of gradient (translation) = 1.732051\n",
      "Norm of gradient (rotation) = 1.732051\n",
      "around x=-0.57; around y=0.58; around z=0.57\n",
      "step: 5.85 seconds\n",
      "current score: -1.195918\n",
      "new_T: [ 0.9999     -0.0100495   0.0099495   0.98996692  0.0099495   0.9999\n",
      "  0.0100495   0.99993333 -0.0100495  -0.0099495   0.9999     -1.00996642]\n",
      "det: 1.00\n",
      "\n",
      "iteration 1\n",
      "1: 2822550 valid, 574818 out-of-bound voxels after transform.\n",
      "2: 8437837 valid, 1383959 out-of-bound voxels after transform.\n",
      "Norm of gradient (translation) = 1.262350\n",
      "Norm of gradient (rotation) = 1.250517\n",
      "around x=-0.98; around y=0.98; around z=0.99\n",
      "step: 5.90 seconds\n",
      "current score: -1.130486\n",
      "new_T: [ 0.99970412 -0.01757544  0.01681587  1.71356858  0.01728272  0.99969928\n",
      "  0.01739698  1.7440084  -0.01711657 -0.01710121  0.99970724 -1.72758086]\n",
      "det: 1.00\n",
      "\n",
      "iteration 2\n",
      "1: 2839508 valid, 557860 out-of-bound voxels after transform.\n",
      "2: 8476917 valid, 1344879 out-of-bound voxels after transform.\n",
      "Norm of gradient (translation) = 0.934296\n",
      "Norm of gradient (rotation) = 1.032040\n",
      "around x=-1.32; around y=1.31; around z=1.34\n",
      "step: 5.98 seconds\n",
      "current score: -1.060812\n",
      "new_T: [ 0.99946502 -0.02387246  0.02235579  2.08520057  0.02334592  0.99945062\n",
      "  0.02352485  2.35747581 -0.0229051  -0.02299035  0.99947326 -2.33320702]\n",
      "det: 1.00\n",
      "\n",
      "iteration 3\n",
      "1: 2853043 valid, 544325 out-of-bound voxels after transform.\n",
      "2: 8509178 valid, 1312618 out-of-bound voxels after transform.\n",
      "Norm of gradient (translation) = 0.759656\n",
      "Norm of gradient (rotation) = 0.890661\n",
      "around x=-1.61; around y=1.60; around z=1.64\n",
      "step: 6.02 seconds\n",
      "current score: -1.002605\n",
      "new_T: [ 0.99920263 -0.02937439  0.02704149  2.25917451  0.0285927   0.99917462\n",
      "  0.0288536   2.88780059 -0.02786673 -0.0280574   0.99921781 -2.86098239]\n",
      "det: 1.00\n",
      "\n",
      "iteration 4\n",
      "1: 2865188 valid, 532180 out-of-bound voxels after transform.\n",
      "2: 8537084 valid, 1284712 out-of-bound voxels after transform.\n",
      "Norm of gradient (translation) = 0.672047\n",
      "Norm of gradient (rotation) = 0.796526\n",
      "around x=-1.87; around y=1.85; around z=1.91\n",
      "step: 6.34 seconds\n",
      "current score: -0.953558\n",
      "new_T: [ 0.99892406 -0.03433566  0.03117357  2.37675962  0.03328412  0.99887942\n",
      "  0.03364623  3.36329261 -0.0322939  -0.03257244  0.99894752 -3.33400845]\n",
      "det: 1.00\n",
      "\n",
      "iteration 5\n",
      "1: 2876117 valid, 521251 out-of-bound voxels after transform.\n",
      "2: 8562200 valid, 1259596 out-of-bound voxels after transform.\n",
      "Norm of gradient (translation) = 0.603616\n",
      "Norm of gradient (rotation) = 0.724395\n",
      "around x=-2.10; around y=2.08; around z=2.15\n",
      "step: 6.19 seconds\n",
      "current score: -0.909620\n",
      "new_T: [ 0.99863485 -0.03888338  0.03487868  2.43349925  0.03755272  0.99857083\n",
      "  0.03802759  3.79641227 -0.03630747 -0.03666589  0.9986678  -3.76526767]\n",
      "det: 1.00\n",
      "\n",
      "iteration 6\n",
      "1: 2886301 valid, 511067 out-of-bound voxels after transform.\n",
      "2: 8584856 valid, 1236940 out-of-bound voxels after transform.\n",
      "Norm of gradient (translation) = 0.552757\n",
      "Norm of gradient (rotation) = 0.667054\n",
      "around x=-2.32; around y=2.29; around z=2.38\n",
      "step: 6.28 seconds\n",
      "current score: -0.870022\n",
      "new_T: [ 0.99833843 -0.04309979  0.03824642  2.45127017  0.04148395  0.9982526\n",
      "  0.04208129  4.19565172 -0.03999329 -0.04042476  0.99838188 -4.16289073]\n",
      "det: 1.00\n",
      "\n",
      "iteration 7\n",
      "1: 2895650 valid, 501718 out-of-bound voxels after transform.\n",
      "2: 8605907 valid, 1215889 out-of-bound voxels after transform.\n",
      "Norm of gradient (translation) = 0.512286\n",
      "Norm of gradient (rotation) = 0.619575\n",
      "around x=-2.52; around y=2.49; around z=2.59\n",
      "step: 6.11 seconds\n",
      "current score: -0.833655\n",
      "new_T: [ 0.99803733 -0.04704362  0.04133252  2.42929934  0.04513911  0.9979274\n",
      "  0.0458624   4.56691489 -0.04340439 -0.04390668  0.99809231 -4.53268451]\n",
      "det: 1.00\n",
      "\n",
      "iteration 8\n",
      "1: 2904485 valid, 492883 out-of-bound voxels after transform.\n",
      "2: 8625273 valid, 1196523 out-of-bound voxels after transform.\n",
      "Norm of gradient (translation) = 0.480123\n",
      "Norm of gradient (rotation) = 0.579953\n",
      "around x=-2.71; around y=2.67; around z=2.79\n",
      "step: 6.18 seconds\n",
      "current score: -0.800357\n",
      "new_T: [ 0.99773308 -0.05075696  0.04418626  2.38413534  0.04856158  0.99759704\n",
      "  0.04941587  4.91459962 -0.04658828 -0.0471581   0.9978004  -4.8789833 ]\n",
      "det: 1.00\n",
      "\n",
      "iteration 9\n",
      "1: 2912796 valid, 484572 out-of-bound voxels after transform.\n",
      "2: 8643457 valid, 1178339 out-of-bound voxels after transform.\n",
      "Norm of gradient (translation) = 0.453054\n",
      "Norm of gradient (rotation) = 0.545444\n",
      "around x=-2.88; around y=2.84; around z=2.97\n",
      "step: 6.03 seconds\n",
      "current score: -0.769556\n",
      "new_T: [ 0.9974272  -0.05426905  0.04683858  2.32027345  0.05178209  0.99726324\n",
      "  0.05276978  5.24174183 -0.04957416 -0.05020861  0.99750764 -5.20482561]\n",
      "det: 1.00\n",
      "\n",
      "iteration 10\n",
      "1: 2920623 valid, 476745 out-of-bound voxels after transform.\n",
      "2: 8660411 valid, 1161385 out-of-bound voxels after transform.\n",
      "Norm of gradient (translation) = 0.430426\n",
      "Norm of gradient (rotation) = 0.515660\n",
      "around x=-3.05; around y=3.00; around z=3.15\n",
      "step: 6.10 seconds\n",
      "current score: -0.740813\n",
      "new_T: [ 0.99712049 -0.05760761  0.04931626  2.24033184  0.05482915  0.99692689\n",
      "  0.05595119  5.55114257 -0.05238792 -0.05308611  0.99721481 -5.51289905]\n",
      "det: 1.00\n",
      "\n",
      "iteration 11\n",
      "1: 2928254 valid, 469114 out-of-bound voxels after transform.\n",
      "2: 8676296 valid, 1145500 out-of-bound voxels after transform.\n",
      "Norm of gradient (translation) = 0.411003\n",
      "Norm of gradient (rotation) = 0.489313\n",
      "around x=-3.20; around y=3.16; around z=3.31\n",
      "step: 6.12 seconds\n",
      "current score: -0.714022\n",
      "new_T: [ 0.99681371 -0.06079028  0.05164276  2.14727119  0.057721    0.99658906\n",
      "  0.05897911  5.84461268 -0.05505197 -0.05581032  0.99692251 -5.80555282]\n",
      "det: 1.00\n",
      "\n",
      "iteration 12\n",
      "1: 2935521 valid, 461847 out-of-bound voxels after transform.\n",
      "2: 8691367 valid, 1130429 out-of-bound voxels after transform.\n",
      "Norm of gradient (translation) = 0.393361\n",
      "Norm of gradient (rotation) = 0.465624\n",
      "around x=-3.35; around y=3.30; around z=3.47\n",
      "step: 6.17 seconds\n",
      "current score: -0.688863\n",
      "new_T: [ 0.9965076  -0.06383277  0.05383293  2.04599412  0.06047406  0.99625054\n",
      "  0.06186879  6.12380848 -0.05758034 -0.05839723  0.99663146 -6.08410256]\n",
      "det: 1.00\n",
      "\n",
      "iteration 13\n",
      "1: 2942365 valid, 455003 out-of-bound voxels after transform.\n",
      "2: 8705604 valid, 1116192 out-of-bound voxels after transform.\n",
      "Norm of gradient (translation) = 0.378939\n",
      "Norm of gradient (rotation) = 0.444431\n",
      "around x=-3.50; around y=3.44; around z=3.62\n",
      "step: 6.05 seconds\n",
      "current score: -0.664982\n",
      "new_T: [ 0.99620256 -0.0667497   0.05590123  1.93286706  0.0631033   0.99591183\n",
      "  0.06463441  6.39017019 -0.05998702 -0.06086141  0.99634203 -6.35023039]\n",
      "det: 1.00\n",
      "\n",
      "iteration 14\n",
      "1: 2948932 valid, 448436 out-of-bound voxels after transform.\n",
      "2: 8719178 valid, 1102618 out-of-bound voxels after transform.\n",
      "Norm of gradient (translation) = 0.365012\n",
      "Norm of gradient (rotation) = 0.425077\n",
      "around x=-3.63; around y=3.57; around z=3.77\n",
      "step: 6.10 seconds\n",
      "current score: -0.642722\n",
      "new_T: [ 0.99589911 -0.06955117  0.05785842  1.81381911  0.06561928  0.99557349\n",
      "  0.0672869   6.64480199 -0.06228219 -0.06321433  0.99605466 -6.60481464]\n",
      "det: 1.00\n",
      "\n",
      "iteration 15\n",
      "1: 2955345 valid, 442023 out-of-bound voxels after transform.\n",
      "2: 8732089 valid, 1089707 out-of-bound voxels after transform.\n",
      "Norm of gradient (translation) = 0.353440\n",
      "Norm of gradient (rotation) = 0.407606\n",
      "around x=-3.76; around y=3.70; around z=3.91\n",
      "step: 6.13 seconds\n",
      "current score: -0.621398\n",
      "new_T: [ 0.99559737 -0.07224734  0.05971769  1.68700188  0.06803221  0.99523591\n",
      "  0.06983621  6.88870063 -0.06447867 -0.06546602  0.9957694  -6.84929777]\n",
      "det: 1.00\n",
      "\n",
      "iteration 16\n",
      "1: 2961553 valid, 435815 out-of-bound voxels after transform.\n",
      "2: 8744378 valid, 1077418 out-of-bound voxels after transform.\n",
      "Norm of gradient (translation) = 0.341546\n",
      "Norm of gradient (rotation) = 0.391280\n",
      "around x=-3.89; around y=3.82; around z=4.04\n",
      "step: 6.14 seconds\n",
      "current score: -0.601295\n",
      "new_T: [ 0.99529792 -0.07484607  0.06148264  1.55744689  0.07035054  0.99489948\n",
      "  0.07228987  7.12276969 -0.06657966 -0.06762462  0.99548685 -7.08393255]\n",
      "det: 1.00\n",
      "\n",
      "iteration 17\n",
      "1: 2967511 valid, 429857 out-of-bound voxels after transform.\n"
     ]
    },
    {
     "name": "stderr",
     "output_type": "stream",
     "text": [
      "2: 8756177 valid, 1065619 out-of-bound voxels after transform.\n",
      "Norm of gradient (translation) = 0.332581\n",
      "Norm of gradient (rotation) = 0.376322\n",
      "around x=-4.01; around y=3.93; around z=4.17\n",
      "step: 6.21 seconds\n",
      "current score: -0.582153\n",
      "new_T: [ 0.99500086 -0.07735516  0.06316221  1.41985251  0.07258215  0.99456445\n",
      "  0.07465515  7.34772746 -0.06859385 -0.06969749  0.99520709 -7.30975709]\n",
      "det: 1.00\n",
      "\n",
      "iteration 18\n",
      "1: 2973321 valid, 424047 out-of-bound voxels after transform.\n",
      "2: 8767491 valid, 1054305 out-of-bound voxels after transform.\n",
      "Norm of gradient (translation) = 0.321916\n",
      "Norm of gradient (rotation) = 0.362238\n",
      "around x=-4.12; around y=4.04; around z=4.30\n",
      "step: 6.12 seconds\n",
      "current score: -0.563715\n",
      "new_T: [ 0.99470656 -0.07977857  0.064763    1.28222967  0.07473127  0.99423133\n",
      "  0.07693701  7.56409313 -0.07052732 -0.07168993  0.99493037 -7.52724523]\n",
      "det: 1.00\n",
      "\n",
      "iteration 19\n",
      "1: 2978951 valid, 418417 out-of-bound voxels after transform.\n",
      "2: 8778316 valid, 1043480 out-of-bound voxels after transform.\n",
      "Norm of gradient (translation) = 0.313095\n",
      "Norm of gradient (rotation) = 0.349306\n",
      "around x=-4.23; around y=4.15; around z=4.42\n",
      "step: 6.12 seconds\n",
      "current score: -0.546204\n",
      "new_T: [ 0.99441501 -0.08212343  0.0662913   1.14201745  0.07680502  0.99390016\n",
      "  0.07914199  7.77256382 -0.07238635 -0.07360848  0.99465673 -7.73711708]\n",
      "det: 1.00\n",
      "\n",
      "iteration 20\n",
      "1: 2984470 valid, 412898 out-of-bound voxels after transform.\n",
      "2: 8788705 valid, 1033091 out-of-bound voxels after transform.\n",
      "Norm of gradient (translation) = 0.305167\n",
      "Norm of gradient (rotation) = 0.337212\n",
      "around x=-4.34; around y=4.25; around z=4.53\n",
      "step: 6.14 seconds\n",
      "current score: -0.529367\n",
      "new_T: [ 0.99412633 -0.0843938   0.0677534   0.99894531  0.0788075   0.99357123\n",
      "  0.08127478  7.97355123 -0.07417692 -0.07545792  0.99438619 -7.94002827]\n",
      "det: 1.00\n",
      "\n",
      "iteration 21\n",
      "1: 2989817 valid, 407551 out-of-bound voxels after transform.\n",
      "2: 8798753 valid, 1023043 out-of-bound voxels after transform.\n",
      "Norm of gradient (translation) = 0.297021\n",
      "Norm of gradient (rotation) = 0.325873\n",
      "around x=-4.44; around y=4.35; around z=4.64\n",
      "step: 6.14 seconds\n",
      "current score: -0.513160\n",
      "new_T: [ 0.99384067 -0.08659445  0.06915296  0.85534989  0.08074361  0.99324465\n",
      "  0.0833399   8.16757706 -0.07590258 -0.07724292  0.99411887 -8.1363176 ]\n",
      "det: 1.00\n",
      "\n",
      "iteration 22\n",
      "1: 2994979 valid, 402389 out-of-bound voxels after transform.\n",
      "2: 8808393 valid, 1013403 out-of-bound voxels after transform.\n",
      "Norm of gradient (translation) = 0.289785\n",
      "Norm of gradient (rotation) = 0.315077\n",
      "around x=-4.54; around y=4.45; around z=4.75\n",
      "step: 6.19 seconds\n",
      "current score: -0.497846\n",
      "new_T: [ 0.99355818 -0.08872829  0.07049417  0.71022734  0.08261639  0.99292076\n",
      "  0.08533993  8.35494502 -0.07756719 -0.07896621  0.99385495 -8.32641475]\n",
      "det: 1.00\n",
      "\n",
      "iteration 23\n",
      "1: 3000119 valid, 397249 out-of-bound voxels after transform.\n",
      "2: 8817632 valid, 1004164 out-of-bound voxels after transform.\n",
      "Norm of gradient (translation) = 0.282594\n",
      "Norm of gradient (rotation) = 0.304845\n",
      "around x=-4.64; around y=4.54; around z=4.86\n",
      "step: 6.19 seconds\n",
      "current score: -0.482961\n",
      "new_T: [ 0.99327906 -0.09079918  0.07177891  0.56467724  0.08442992  0.99259964\n",
      "  0.08727858  8.5360843  -0.07917254 -0.08063169  0.9935946  -8.51053506]\n",
      "det: 1.00\n",
      "\n",
      "iteration 24\n",
      "1: 3005055 valid, 392313 out-of-bound voxels after transform.\n",
      "2: 8826577 valid, 995219 out-of-bound voxels after transform.\n",
      "Norm of gradient (translation) = 0.276245\n",
      "Norm of gradient (rotation) = 0.295025\n",
      "around x=-4.73; around y=4.63; around z=4.96\n",
      "step: 6.20 seconds\n",
      "current score: -0.468692\n",
      "new_T: [ 0.99300351 -0.09280951  0.07300972  0.41763067  0.08618676  0.99228156\n",
      "  0.08915803  8.71125461 -0.08072092 -0.08224176  0.99333802 -8.68895035]\n",
      "det: 1.00\n",
      "\n",
      "iteration 25\n",
      "1: 3009888 valid, 387480 out-of-bound voxels after transform.\n",
      "2: 8835176 valid, 986620 out-of-bound voxels after transform.\n",
      "Norm of gradient (translation) = 0.268787\n",
      "Norm of gradient (rotation) = 0.285741\n",
      "around x=-4.82; around y=4.72; around z=5.06\n",
      "step: 6.17 seconds\n",
      "current score: -0.454976\n",
      "new_T: [ 0.99273153 -0.09476179  0.07419108  0.2726674   0.08788937  0.99196668\n",
      "  0.09098113  8.88074686 -0.08221662 -0.08379923  0.99308515 -8.86200254]\n",
      "det: 1.00\n",
      "\n",
      "iteration 26\n",
      "1: 3014562 valid, 382806 out-of-bound voxels after transform.\n",
      "2: 8843456 valid, 978340 out-of-bound voxels after transform.\n",
      "Norm of gradient (translation) = 0.262511\n",
      "Norm of gradient (rotation) = 0.276923\n",
      "around x=-4.91; around y=4.80; around z=5.16\n",
      "step: 6.17 seconds\n",
      "current score: -0.441731\n",
      "new_T: [ 0.99246319 -0.09665953  0.07532435  0.1279407   0.08954138  0.991655\n",
      "  0.09275073  9.04491782 -0.08366101 -0.08530704  0.99283611 -9.02991396]\n",
      "det: 1.00\n",
      "\n",
      "iteration 27\n",
      "1: 3019054 valid, 378314 out-of-bound voxels after transform.\n",
      "2: 8851417 valid, 970379 out-of-bound voxels after transform.\n",
      "Norm of gradient (translation) = 0.256214\n",
      "Norm of gradient (rotation) = 0.268683\n",
      "around x=-5.00; around y=4.88; around z=5.25\n",
      "step: 6.17 seconds\n",
      "current score: -0.429213\n",
      "new_T: [ 0.99219831 -0.0985049   0.07641534 -0.01545885  0.09114463  0.99134661\n",
      "  0.09446987  9.20397639 -0.08505984 -0.086768    0.99259062 -9.19323927]\n",
      "det: 1.00\n",
      "\n",
      "iteration 28\n",
      "1: 3023327 valid, 374041 out-of-bound voxels after transform.\n",
      "2: 8859182 valid, 962614 out-of-bound voxels after transform.\n",
      "Norm of gradient (translation) = 0.250554\n",
      "Norm of gradient (rotation) = 0.260408\n",
      "around x=-5.08; around y=4.96; around z=5.34\n",
      "step: 6.18 seconds\n",
      "current score: -0.417150\n",
      "new_T: [ 0.99193745 -0.10029888  0.07746121 -0.1589182   0.09270077  0.99104184\n",
      "  0.09613869  9.35808458 -0.0864099  -0.08818285  0.99234929 -9.35173926]\n",
      "det: 1.00\n",
      "\n",
      "iteration 29\n",
      "1: 3027428 valid, 369940 out-of-bound voxels after transform.\n",
      "2: 8866622 valid, 955174 out-of-bound voxels after transform.\n",
      "Norm of gradient (translation) = 0.244836\n",
      "Norm of gradient (rotation) = 0.252695\n",
      "around x=-5.16; around y=5.03; around z=5.43\n",
      "step: 6.23 seconds\n",
      "current score: -0.405538\n",
      "new_T: [ 0.99168037 -0.10204435  0.07846656 -0.30136447  0.09421239  0.99074062\n",
      "  0.09776012  9.50752151 -0.08771588 -0.08955427  0.99211187 -9.5058411 ]\n",
      "det: 1.00\n",
      "\n",
      "iteration 30\n",
      "1: 3031412 valid, 365956 out-of-bound voxels after transform.\n",
      "2: 8873862 valid, 947934 out-of-bound voxels after transform.\n",
      "Norm of gradient (translation) = 0.238477\n",
      "Norm of gradient (rotation) = 0.245167\n",
      "around x=-5.24; around y=5.10; around z=5.51\n",
      "step: 6.25 seconds\n",
      "current score: -0.394452\n",
      "new_T: [ 0.99142729 -0.10374269  0.07943164 -0.44115531  0.09568111  0.99044314\n",
      "  0.09933539  9.65247687 -0.08897784 -0.09088371  0.99187857 -9.65555273]\n",
      "det: 1.00\n",
      "\n",
      "iteration 31\n",
      "1: 3035197 valid, 362171 out-of-bound voxels after transform.\n",
      "2: 8880810 valid, 940986 out-of-bound voxels after transform.\n",
      "Norm of gradient (translation) = 0.233062\n",
      "Norm of gradient (rotation) = 0.237882\n",
      "around x=-5.31; around y=5.17; around z=5.60\n",
      "step: 6.22 seconds\n",
      "current score: -0.383802\n",
      "new_T: [ 0.9911783  -0.10539534  0.08035795 -0.57984273  0.09710844  0.9901495\n",
      "  0.10086585  9.79309772 -0.09019718 -0.09217261  0.99164947 -9.80106391]\n",
      "det: 1.00\n",
      "\n",
      "iteration 32\n",
      "1: 3038829 valid, 358539 out-of-bound voxels after transform.\n",
      "2: 8887605 valid, 934191 out-of-bound voxels after transform.\n",
      "Norm of gradient (translation) = 0.227425\n",
      "Norm of gradient (rotation) = 0.230944\n",
      "around x=-5.38; around y=5.24; around z=5.68\n",
      "step: 6.22 seconds\n",
      "current score: -0.373609\n",
      "new_T: [ 0.99093338 -0.10700476  0.08124666 -0.71647789  0.09849683  0.98985964\n",
      "  0.10235364  9.92965515 -0.09137511 -0.0934231   0.99142459 -9.94248034]\n",
      "det: 1.00\n",
      "\n",
      "iteration 33\n",
      "1: 3042350 valid, 355018 out-of-bound voxels after transform.\n",
      "2: 8894152 valid, 927644 out-of-bound voxels after transform.\n",
      "Norm of gradient (translation) = 0.222305\n",
      "Norm of gradient (rotation) = 0.224265\n",
      "around x=-5.45; around y=5.31; around z=5.76\n",
      "step: 6.20 seconds\n",
      "current score: -0.363766\n",
      "new_T: [  0.99069251  -0.10857193   0.08210049  -0.85166384   0.09984721\n",
      "   0.98957369   0.10380005  10.06224416  -0.09251425  -0.09463643\n",
      "   0.99120384 -10.08009323]\n",
      "det: 1.00\n",
      "\n",
      "iteration 34\n",
      "1: 3045692 valid, 351676 out-of-bound voxels after transform.\n",
      "2: 8900521 valid, 921275 out-of-bound voxels after transform.\n",
      "Norm of gradient (translation) = 0.217276\n",
      "Norm of gradient (rotation) = 0.217973\n",
      "around x=-5.52; around y=5.37; around z=5.83\n",
      "step: 6.22 seconds\n",
      "current score: -0.354282\n",
      "new_T: [  0.99045552  -0.11009893   0.08292215  -0.98504357   0.10116146\n",
      "   0.98929155   0.10520732  10.19106252  -0.0936174   -0.09581465\n",
      "   0.99098705 -10.21416354]\n",
      "det: 1.00\n",
      "\n",
      "iteration 35\n",
      "1: 3048909 valid, 348459 out-of-bound voxels after transform.\n"
     ]
    },
    {
     "name": "stderr",
     "output_type": "stream",
     "text": [
      "2: 8906665 valid, 915131 out-of-bound voxels after transform.\n",
      "Norm of gradient (translation) = 0.211793\n",
      "Norm of gradient (rotation) = 0.211895\n",
      "around x=-5.59; around y=5.43; around z=5.91\n",
      "step: 6.23 seconds\n",
      "current score: -0.345279\n",
      "new_T: [  0.99022242  -0.11158692   0.08371334  -1.11540345   0.10244069\n",
      "   0.98901332   0.10657657  10.31624497  -0.09468616  -0.09695886\n",
      "   0.9907742  -10.34482657]\n",
      "det: 1.00\n",
      "\n",
      "iteration 36\n",
      "1: 3052060 valid, 345308 out-of-bound voxels after transform.\n",
      "2: 8912642 valid, 909154 out-of-bound voxels after transform.\n",
      "Norm of gradient (translation) = 0.206739\n",
      "Norm of gradient (rotation) = 0.205931\n",
      "around x=-5.65; around y=5.49; around z=5.98\n",
      "step: 6.26 seconds\n",
      "current score: -0.336532\n",
      "new_T: [  0.98999337  -0.11303707   0.08447339  -1.24343408   0.1036863\n",
      "   0.98873903   0.1079087   10.4379397   -0.09571982  -0.09807016\n",
      "   0.99056547 -10.47206372]\n",
      "det: 1.00\n",
      "\n",
      "iteration 37\n",
      "1: 3055051 valid, 342317 out-of-bound voxels after transform.\n",
      "2: 8918453 valid, 903343 out-of-bound voxels after transform.\n",
      "Norm of gradient (translation) = 0.202213\n",
      "Norm of gradient (rotation) = 0.200110\n",
      "around x=-5.72; around y=5.55; around z=6.05\n",
      "step: 6.26 seconds\n",
      "current score: -0.328141\n",
      "new_T: [  0.98976849  -0.11445077   0.08520189  -1.3699921    0.10489984\n",
      "   0.98846869   0.10920472  10.55630108  -0.09671796  -0.09914972\n",
      "   0.99036103 -10.59586319]\n",
      "det: 1.00\n",
      "\n",
      "iteration 38\n",
      "1: 3057915 valid, 339453 out-of-bound voxels after transform.\n",
      "2: 8924073 valid, 897723 out-of-bound voxels after transform.\n",
      "Norm of gradient (translation) = 0.197594\n",
      "Norm of gradient (rotation) = 0.194731\n",
      "around x=-5.78; around y=5.61; around z=6.12\n",
      "step: 6.38 seconds\n",
      "current score: -0.320105\n",
      "new_T: [  0.98954738  -0.11582982   0.08590369  -1.49425802   0.10608262\n",
      "   0.98820219   0.11046681  10.67147486  -0.09768556  -0.10019925\n",
      "   0.99016041 -10.71668055]\n",
      "det: 1.00\n",
      "\n",
      "iteration 39\n",
      "1: 3060739 valid, 336629 out-of-bound voxels after transform.\n",
      "2: 8929519 valid, 892277 out-of-bound voxels after transform.\n",
      "Norm of gradient (translation) = 0.193001\n",
      "Norm of gradient (rotation) = 0.189455\n",
      "around x=-5.84; around y=5.66; around z=6.19\n",
      "step: 6.41 seconds\n",
      "current score: -0.312240\n",
      "new_T: [  0.98933013  -0.11717478   0.08657929  -1.61614808   0.10723527\n",
      "   0.98793961   0.11169565  10.78353317  -0.09862302  -0.10121952\n",
      "   0.98996369 -10.83456362]\n",
      "det: 1.00\n",
      "\n",
      "iteration 40\n",
      "1: 3063389 valid, 333979 out-of-bound voxels after transform.\n",
      "2: 8934820 valid, 886976 out-of-bound voxels after transform.\n",
      "Norm of gradient (translation) = 0.188052\n",
      "Norm of gradient (rotation) = 0.184262\n",
      "around x=-5.90; around y=5.71; around z=6.25\n",
      "step: 6.40 seconds\n",
      "current score: -0.304767\n",
      "new_T: [  0.98911694  -0.11848719   0.08722654  -1.73493293   0.10835962\n",
      "   0.9876809    0.11289216  10.89267922  -0.09952826  -0.10221171\n",
      "   0.98977113 -10.94930767]\n",
      "det: 1.00\n",
      "\n",
      "iteration 41\n",
      "1: 3065953 valid, 331415 out-of-bound voxels after transform.\n",
      "2: 8939962 valid, 881834 out-of-bound voxels after transform.\n",
      "Norm of gradient (translation) = 0.183448\n",
      "Norm of gradient (rotation) = 0.179361\n",
      "around x=-5.95; around y=5.76; around z=6.32\n",
      "step: 6.39 seconds\n",
      "current score: -0.297541\n",
      "new_T: [  0.98890759  -0.11976838   0.08784819  -1.85087663   0.10945677\n",
      "   0.98742595   0.11405789  10.99902397  -0.10040411  -0.10317713\n",
      "   0.98958248 -11.06119485]\n",
      "det: 1.00\n",
      "\n",
      "iteration 42\n",
      "1: 3068421 valid, 328947 out-of-bound voxels after transform.\n",
      "2: 8944983 valid, 876813 out-of-bound voxels after transform.\n",
      "Norm of gradient (translation) = 0.179150\n",
      "Norm of gradient (rotation) = 0.174531\n",
      "around x=-6.01; around y=5.81; around z=6.38\n",
      "step: 6.52 seconds\n",
      "current score: -0.290612\n",
      "new_T: [  0.98870218  -0.12101871   0.08844479  -1.96444088   0.11052712\n",
      "   0.9871749    0.11519319  11.10261619  -0.101251    -0.10411621\n",
      "   0.98939782 -11.17030344]\n",
      "det: 1.00\n",
      "\n",
      "iteration 43\n",
      "1: 3070849 valid, 326519 out-of-bound voxels after transform.\n",
      "2: 8949868 valid, 871928 out-of-bound voxels after transform.\n",
      "Norm of gradient (translation) = 0.175471\n",
      "Norm of gradient (rotation) = 0.169891\n",
      "around x=-6.06; around y=5.86; around z=6.44\n",
      "step: 6.42 seconds\n",
      "current score: -0.283827\n",
      "new_T: [  0.98850058  -0.12223919   0.08901784  -2.0765513    0.11157156\n",
      "   0.98692771   0.1162991   11.20353966  -0.10207048  -0.10502987\n",
      "   0.98921704 -11.27680829]\n",
      "det: 1.00\n",
      "\n",
      "iteration 44\n",
      "1: 3073183 valid, 324185 out-of-bound voxels after transform.\n",
      "2: 8954600 valid, 867196 out-of-bound voxels after transform.\n",
      "Norm of gradient (translation) = 0.171363\n",
      "Norm of gradient (rotation) = 0.165517\n",
      "around x=-6.11; around y=5.90; around z=6.50\n",
      "step: 6.38 seconds\n",
      "current score: -0.277272\n",
      "new_T: [  0.98830264  -0.12343146   0.08956883  -2.18607416   0.11259155\n",
      "   0.98668421   0.11737724  11.30195856  -0.10286419  -0.10591955\n",
      "   0.98903994 -11.38082743]\n",
      "det: 1.00\n",
      "\n",
      "iteration 45\n",
      "1: 3075438 valid, 321930 out-of-bound voxels after transform.\n",
      "2: 8959206 valid, 862590 out-of-bound voxels after transform.\n",
      "Norm of gradient (translation) = 0.166864\n",
      "Norm of gradient (rotation) = 0.161283\n",
      "around x=-6.16; around y=5.95; around z=6.56\n",
      "step: 6.25 seconds\n",
      "current score: -0.271004\n",
      "new_T: [  0.98810827  -0.12459606   0.09009924  -2.29207206   0.11358754\n",
      "   0.98644442   0.11842837  11.39793129  -0.1036336   -0.1067859\n",
      "   0.98886645 -11.48247918]\n",
      "det: 1.00\n",
      "\n",
      "iteration 46\n",
      "1: 3077602 valid, 319766 out-of-bound voxels after transform.\n",
      "2: 8963676 valid, 858120 out-of-bound voxels after transform.\n",
      "Norm of gradient (translation) = 0.163009\n",
      "Norm of gradient (rotation) = 0.157074\n",
      "around x=-6.21; around y=5.99; around z=6.61\n",
      "step: 6.26 seconds\n",
      "current score: -0.264951\n",
      "new_T: [  0.98791763  -0.12573351   0.09060817  -2.39575561   0.1145602\n",
      "   0.98620839   0.11945278  11.49152671  -0.10437776  -0.10762942\n",
      "   0.98869671 -11.58172019]\n",
      "det: 1.00\n",
      "\n",
      "iteration 47\n",
      "1: 3079704 valid, 317664 out-of-bound voxels after transform.\n",
      "2: 8968041 valid, 853755 out-of-bound voxels after transform.\n",
      "Norm of gradient (translation) = 0.158751\n",
      "Norm of gradient (rotation) = 0.153081\n",
      "around x=-6.26; around y=6.03; around z=6.67\n",
      "step: 6.25 seconds\n",
      "current score: -0.258897\n",
      "new_T: [  0.98773056  -0.12684517   0.09109688  -2.49607363   0.11551077\n",
      "   0.98597599   0.12045171  11.58288058  -0.10509805  -0.10845117\n",
      "   0.9885306  -11.67865544]\n",
      "det: 1.00\n",
      "\n",
      "iteration 48\n",
      "1: 3081744 valid, 315624 out-of-bound voxels after transform.\n",
      "2: 8972294 valid, 849502 out-of-bound voxels after transform.\n",
      "Norm of gradient (translation) = 0.155412\n",
      "Norm of gradient (rotation) = 0.149116\n",
      "around x=-6.31; around y=6.07; around z=6.72\n",
      "step: 6.26 seconds\n",
      "current score: -0.253300\n",
      "new_T: [  0.98754719  -0.12793149   0.09156462  -2.59477064   0.11643984\n",
      "   0.98574724   0.12142544  11.67204361  -0.10579371  -0.10925158\n",
      "   0.98836824 -11.77327754]\n",
      "det: 1.00\n",
      "\n",
      "iteration 49\n",
      "1: 3083715 valid, 313653 out-of-bound voxels after transform.\n",
      "2: 8976416 valid, 845380 out-of-bound voxels after transform.\n",
      "Norm of gradient (translation) = 0.151501\n",
