{
 "cells": [
  {
   "cell_type": "code",
   "execution_count": 1,
   "metadata": {},
   "outputs": [],
   "source": [
    "%load_ext autoreload\n",
    "%autoreload 2"
   ]
  },
  {
   "cell_type": "code",
   "execution_count": 2,
   "metadata": {
    "scrolled": true
   },
   "outputs": [
    {
     "name": "stdout",
     "output_type": "stream",
     "text": [
      "Setting environment for Precision WorkStation\n"
     ]
    },
    {
     "name": "stderr",
     "output_type": "stream",
     "text": [
      "No vtk\n"
     ]
    }
   ],
   "source": [
    "import sys\n",
    "import os\n",
    "import time\n",
    "\n",
    "import matplotlib.pyplot as plt\n",
    "%matplotlib inline\n",
    "import numpy as np\n",
    "\n",
    "sys.path.append(os.path.join(os.environ['REPO_DIR'], 'utilities'))\n",
    "from utilities2015 import *\n",
    "from registration_utilities import *\n",
    "from annotation_utilities import *\n",
    "from metadata import *\n",
    "from data_manager import *"
   ]
  },
  {
   "cell_type": "code",
   "execution_count": 3,
   "metadata": {
    "collapsed": true
   },
   "outputs": [],
   "source": [
    "from aligner_v3 import Aligner"
   ]
  },
  {
   "cell_type": "code",
   "execution_count": 4,
   "metadata": {
    "collapsed": true
   },
   "outputs": [],
   "source": [
    "lauren_brains = ['LM42_LM37', 'LM94_LM96_LM25', 'LM38', 'LM30new', 'LM27', 'LM37', 'LM22', 'LM32', 'LM17', 'LM48', 'LM31', 'LM95', 'LM41', 'LM84', 'LM40new', 'LM86', 'LM54', 'LM46']"
   ]
  },
  {
   "cell_type": "code",
   "execution_count": 39,
   "metadata": {
    "scrolled": true
   },
   "outputs": [
    {
     "name": "stdout",
     "output_type": "stream",
     "text": [
      "upstream_warp_id                                                               None\n",
      "transform_type                                                                rigid\n",
      "terminate_thresh                                                              1e-06\n",
      "grad_computation_sample_number                                               100000\n",
      "grid_search_sample_number                                                      1000\n",
      "std_tx_um                                                                        50\n",
      "std_ty_um                                                                        50\n",
      "std_tz_um                                                                        50\n",
      "std_theta_xy_degree                                                              10\n",
      "surround_weight                                                             inverse\n",
      "regularization_weight                                                           NaN\n",
      "comment                           structure registration with surround, no initi...\n",
      "max_iter_num                                                                    NaN\n",
      "Unnamed: 14                                                                     NaN\n",
      "Name: 7, dtype: object\n",
      "surround inverse True\n",
      "loaded_cropbox_resolution 10.0um\n",
      "loaded_cropbox_resolution 10.0um\n",
      "voxel size for moving = 10.00 um\n",
      "voxel size for fixed = 10.00 um\n",
      "label_mapping_m2f {1: 1, 2: 2}\n",
      "{1: 0.4092068609276033, 2: 1.0}\n"
     ]
    },
    {
     "name": "stderr",
     "output_type": "stream",
     "text": [
      "Prior structure/index map not found. Generating a new one.\n",
      "Loaded moving volumes: ['SNR_L', 'SNR_L_surround_200um'].\n",
      "Prior structure/index map not found. Generating a new one.\n",
      "Loaded fixed volumes: ['SNR_L', 'SNR_L_surround_200um'].\n",
      "Computing structure sizes: 0.01 s\n",
      "Label weights not set, default to 1 for all structures.\n",
      "Regularization weights not set, default to 0.\n",
      "centroid_m: [-196.9841152  -23.238024  -137.7273612], centroid_f: [  46.49793843  702.51718906 8152.11063272]\n",
      "indices_f: set([1, 2])\n",
      "1: 1042555 valid, 73504 out-of-bound voxels after transform.\n",
      "2: 990446 valid, 393495 out-of-bound voxels after transform.\n",
      "\n",
      "iteration 0\n",
      "1: 1042555 valid, 73504 out-of-bound voxels after transform.\n",
      "2: 990446 valid, 393495 out-of-bound voxels after transform.\n",
      "Norm of gradient (translation) = 1.732051\n",
      "Norm of gradient (rotation) = 1.732051\n",
      "around x=0.57; around y=-0.58; around z=0.57\n",
      "step: 0.79 seconds\n",
      "current score: 0.256738\n",
      "new_T: [ 0.9999     -0.0100495  -0.0099495  -0.99993333  0.0099495   0.9999\n",
      " -0.0100495  -1.00996642  0.0100495   0.0099495   0.9999      0.98996692]\n",
      "det: 1.00\n",
      "\n",
      "iteration 1\n",
      "1: 1036821 valid, 79238 out-of-bound voxels after transform.\n",
      "2: 989720 valid, 394221 out-of-bound voxels after transform.\n",
      "Norm of gradient (translation) = 0.434002\n",
      "Norm of gradient (rotation) = 0.572187\n",
      "around x=0.55; around y=-0.81; around z=0.79\n",
      "step: 0.79 seconds\n",
      "current score: 0.251707\n",
      "new_T: [ 0.99980294 -0.01399456 -0.01407964 -1.41966059  0.01385777  0.99985628\n",
      " -0.00976672 -0.97795357  0.01421429  0.00956968  0.99985318  1.091303  ]\n",
      "det: 1.00\n",
      "\n",
      "iteration 2\n",
      "1: 1034342 valid, 81717 out-of-bound voxels after transform.\n",
      "2: 988870 valid, 395071 out-of-bound voxels after transform.\n",
      "Norm of gradient (translation) = 0.358727\n",
      "Norm of gradient (rotation) = 0.441853\n",
      "around x=0.44; around y=-0.98; around z=0.95\n",
      "step: 0.79 seconds\n",
      "current score: 0.248192\n",
      "new_T: [ 0.99971557 -0.01668619 -0.01703969 -1.72142197  0.01655288  0.9998315\n",
      " -0.00793529 -0.78581404  0.01716922  0.00765098  0.99982332  1.10943789]\n",
      "det: 1.00\n",
      "\n",
      "iteration 3\n",
      "1: 1032226 valid, 83833 out-of-bound voxels after transform.\n",
      "2: 988034 valid, 395907 out-of-bound voxels after transform.\n",
      "Norm of gradient (translation) = 0.332604\n",
      "Norm of gradient (rotation) = 0.396077\n",
      "around x=0.32; around y=-1.13; around z=1.08\n",
      "step: 0.79 seconds\n",
      "current score: 0.245429\n",
      "new_T: [ 0.99962808 -0.01895806 -0.01960339 -1.98302916  0.01884393  0.99980449\n",
      " -0.00599052 -0.58167522  0.01971313  0.00561889  0.99978989  1.12632299]\n",
      "det: 1.00\n",
      "\n",
      "iteration 4\n",
      "1: 1030000 valid, 86059 out-of-bound voxels after transform.\n",
      "2: 987826 valid, 396115 out-of-bound voxels after transform.\n",
      "Norm of gradient (translation) = 0.319292\n",
      "Norm of gradient (rotation) = 0.370125\n",
      "around x=0.20; around y=-1.26; around z=1.20\n",
      "step: 0.81 seconds\n",
      "current score: 0.243547\n",
      "new_T: [ 0.99953946 -0.02097627 -0.02192847 -2.22040676  0.02089386  0.99977378\n",
      " -0.00398032 -0.37022753  0.022007    0.00352032  0.99975162  1.1523369 ]\n",
      "det: 1.00\n",
      "\n",
      "iteration 5\n",
      "1: 1028003 valid, 88056 out-of-bound voxels after transform.\n",
      "2: 987227 valid, 396714 out-of-bound voxels after transform.\n",
      "Norm of gradient (translation) = 0.292287\n",
      "Norm of gradient (rotation) = 0.345825\n",
      "around x=0.11; around y=-1.39; around z=1.31\n",
      "step: 0.79 seconds\n",
      "current score: 0.241109\n",
      "new_T: [ 9.99441612e-01 -2.29881848e-02 -2.42488579e-02 -2.45712752e+00\n",
      "  2.29357020e-02  9.99733964e-01 -2.44028525e-03 -2.07496046e-01\n",
      "  2.42985046e-02  1.88275805e-03  9.99702975e-01  1.20216757e+00]\n",
      "det: 1.00\n",
      "\n",
      "iteration 6\n",
      "1: 1026539 valid, 89520 out-of-bound voxels after transform.\n",
      "2: 986424 valid, 397517 out-of-bound voxels after transform.\n",
      "Norm of gradient (translation) = 0.285194\n",
      "Norm of gradient (rotation) = 0.335552\n",
      "around x=0.01; around y=-1.52; around z=1.43\n",
      "step: 0.79 seconds\n",
      "current score: 0.239050\n",
      "new_T: [ 9.99338819e-01 -2.49124905e-02 -2.64819477e-02 -2.68504425e+00\n",
      "  2.48976563e-02  9.99689609e-01 -8.89796071e-04 -4.38796499e-02\n",
      "  2.64958950e-02  2.29869324e-04  9.99648896e-01  1.24922842e+00]\n",
      "det: 1.00\n",
      "\n",
      "iteration 7\n",
      "1: 1024982 valid, 91077 out-of-bound voxels after transform.\n",
      "2: 985481 valid, 398460 out-of-bound voxels after transform.\n",
      "Norm of gradient (translation) = 0.262354\n",
      "Norm of gradient (rotation) = 0.304262\n",
      "around x=-0.08; around y=-1.63; around z=1.53\n",
      "step: 0.79 seconds\n",
      "current score: 0.237084\n",
      "new_T: [ 9.99240324e-01 -2.65877695e-02 -2.84932642e-02 -2.89064061e+00\n",
      "  2.66159853e-02  9.99645545e-01  6.11389116e-04  1.13904529e-01\n",
      "  2.84669091e-02 -1.36930096e-03  9.99593798e-01  1.28677573e+00]\n",
      "det: 1.00\n",
      "\n",
      "iteration 8\n",
      "1: 1023575 valid, 92484 out-of-bound voxels after transform.\n",
      "2: 985033 valid, 398908 out-of-bound voxels after transform.\n",
      "Norm of gradient (translation) = 0.240394\n",
      "Norm of gradient (rotation) = 0.270133\n",
      "around x=-0.16; around y=-1.73; around z=1.61\n",
      "step: 0.79 seconds\n",
      "current score: 0.235667\n",
      "new_T: [ 9.99147487e-01 -2.80343198e-02 -3.03047135e-02 -3.07602479e+00\n",
      "  2.81063028e-02  9.99603034e-01  1.95186362e-03  2.55544632e-01\n",
      "  3.02379644e-02 -2.80195308e-03  9.99538801e-01  1.34126074e+00]\n",
      "det: 1.00\n",
      "\n",
      "iteration 9\n",
      "1: 1022059 valid, 94000 out-of-bound voxels after transform.\n",
      "2: 984288 valid, 399653 out-of-bound voxels after transform.\n",
      "Norm of gradient (translation) = 0.216944\n",
      "Norm of gradient (rotation) = 0.240281\n",
      "around x=-0.23; around y=-1.83; around z=1.69\n",
      "step: 0.79 seconds\n",
      "current score: 0.233501\n",
      "new_T: [ 9.99059733e-01 -2.92975989e-02 -3.19577882e-02 -3.24541263e+00\n",
      "  2.94118458e-02  9.99562538e-01  3.11062074e-03  3.77905121e-01\n",
      "  3.18526742e-02 -4.04763347e-03  9.99484379e-01  1.39656609e+00]\n",
      "det: 1.00\n",
      "\n",
      "iteration 10\n",
      "1: 1020731 valid, 95328 out-of-bound voxels after transform.\n",
      "2: 983605 valid, 400336 out-of-bound voxels after transform.\n",
      "Norm of gradient (translation) = 0.205649\n",
      "Norm of gradient (rotation) = 0.229541\n",
      "around x=-0.30; around y=-1.91; around z=1.76\n",
      "step: 0.78 seconds\n",
      "current score: 0.231548\n",
      "new_T: [ 0.99897237 -0.03048758 -0.03353686 -3.4073647   0.03064645  0.99952132\n",
      "  0.00423341  0.49585008  0.03339174 -0.00525685  0.99942852  1.44063113]\n",
      "det: 1.00\n",
      "\n",
      "iteration 11\n",
      "1: 1019569 valid, 96490 out-of-bound voxels after transform.\n",
      "2: 983073 valid, 400868 out-of-bound voxels after transform.\n",
      "Norm of gradient (translation) = 0.201443\n",
      "Norm of gradient (rotation) = 0.223113\n",
      "around x=-0.37; around y=-2.00; around z=1.82\n",
      "step: 0.78 seconds\n",
      "current score: 0.229875\n",
      "new_T: [ 0.99888598 -0.03160412 -0.03504246 -3.5619376   0.03181237  0.99947926\n",
      "  0.00540113  0.61833354  0.03485352 -0.00650989  0.99937123  1.47960366]\n",
      "det: 1.00\n",
      "\n",
      "iteration 12\n",
      "1: 1018408 valid, 97651 out-of-bound voxels after transform.\n",
      "2: 982529 valid, 401412 out-of-bound voxels after transform.\n",
      "Norm of gradient (translation) = 0.192881\n",
      "Norm of gradient (rotation) = 0.212398\n",
      "around x=-0.44; around y=-2.08; around z=1.89\n",
      "step: 0.78 seconds\n",
      "current score: 0.228384\n",
      "new_T: [ 0.99880194 -0.0326308  -0.03646809 -3.70847224  0.03289086  0.99943746\n",
      "  0.00655395  0.73893149  0.03623371 -0.00774557  0.99931333  1.51267257]\n",
      "det: 1.00\n",
      "\n",
      "iteration 13\n",
      "1: 1017354 valid, 98705 out-of-bound voxels after transform.\n",
      "2: 982133 valid, 401808 out-of-bound voxels after transform.\n",
      "Norm of gradient (translation) = 0.182641\n",
      "Norm of gradient (rotation) = 0.200544\n",
      "around x=-0.51; around y=-2.15; around z=1.94\n",
      "step: 0.79 seconds\n",
      "current score: 0.227215\n",
      "new_T: [ 0.99871862 -0.03359952 -0.03784438 -3.85003002  0.03391045  0.99939595\n",
      "  0.00760404  0.84871369  0.03756602 -0.00887762  0.99925471  1.54687912]\n",
      "det: 1.00\n",
      "\n",
      "iteration 14\n",
      "1: 1016367 valid, 99692 out-of-bound voxels after transform.\n",
      "2: 981672 valid, 402269 out-of-bound voxels after transform.\n",
      "Norm of gradient (translation) = 0.173816\n",
      "Norm of gradient (rotation) = 0.188714\n",
      "around x=-0.57; around y=-2.23; around z=2.00\n",
      "step: 0.78 seconds\n",
      "current score: 0.226054\n",
      "new_T: [ 0.99863672 -0.03450547 -0.03916726 -3.98617427  0.03486602  0.99935534\n",
      "  0.00855976  0.94875358  0.03884665 -0.0099137   0.999196    1.58591888]\n",
      "det: 1.00\n",
      "\n",
      "iteration 15\n",
      "1: 1015333 valid, 100726 out-of-bound voxels after transform.\n",
      "2: 981159 valid, 402782 out-of-bound voxels after transform.\n",
      "Norm of gradient (translation) = 0.165549\n",
      "Norm of gradient (rotation) = 0.178308\n",
      "around x=-0.63; around y=-2.30; around z=2.05\n",
      "step: 0.78 seconds\n",
      "current score: 0.224840\n",
      "new_T: [ 0.99855745 -0.0353381  -0.04042576 -4.11581244  0.0357484   0.99931593\n",
      "  0.00947187  1.04407299  0.04006339 -0.01090336  0.99913765  1.62324359]\n",
      "det: 1.00\n",
      "\n",
      "iteration 16\n",
      "1: 1014353 valid, 101706 out-of-bound voxels after transform.\n"
     ]
    },
    {
     "name": "stderr",
     "output_type": "stream",
     "text": [
      "2: 980710 valid, 403231 out-of-bound voxels after transform.\n",
      "Norm of gradient (translation) = 0.155117\n",
      "Norm of gradient (rotation) = 0.165537\n",
      "around x=-0.68; around y=-2.36; around z=2.10\n",
      "step: 0.78 seconds\n",
      "current score: 0.223646\n",
      "new_T: [ 0.99848298 -0.03607278 -0.04159912 -4.23685127  0.03653253  0.99927892\n",
      "  0.01034488  1.13499509  0.04119596 -0.01184891  0.99908083  1.65606041]\n",
      "det: 1.00\n",
      "\n",
      "iteration 17\n",
      "1: 1013527 valid, 102532 out-of-bound voxels after transform.\n",
      "2: 980313 valid, 403628 out-of-bound voxels after transform.\n",
      "Norm of gradient (translation) = 0.146231\n",
      "Norm of gradient (rotation) = 0.154447\n",
      "around x=-0.73; around y=-2.42; around z=2.14\n",
      "step: 0.78 seconds\n",
      "current score: 0.222531\n",
      "new_T: [ 0.99841353 -0.03671411 -0.04269062 -4.3496222   0.03722348  0.99924422\n",
      "  0.01119843  1.22361963  0.04224722 -0.01276975  0.99902558  1.68425947]\n",
      "det: 1.00\n",
      "\n",
      "iteration 18\n",
      "1: 1012758 valid, 103301 out-of-bound voxels after transform.\n",
      "2: 979917 valid, 404024 out-of-bound voxels after transform.\n",
      "Norm of gradient (translation) = 0.138739\n",
      "Norm of gradient (rotation) = 0.145073\n",
      "around x=-0.78; around y=-2.48; around z=2.17\n",
      "step: 0.78 seconds\n",
      "current score: 0.221452\n",
      "new_T: [ 0.99834824 -0.03727928 -0.04371548 -4.45565928  0.03783816  0.9992115\n",
      "  0.0120273   1.3095051   0.04323264 -0.01366155  0.99897162  1.70958659]\n",
      "det: 1.00\n",
      "\n",
      "iteration 19\n",
      "1: 1011976 valid, 104083 out-of-bound voxels after transform.\n",
      "2: 979538 valid, 404403 out-of-bound voxels after transform.\n",
      "Norm of gradient (translation) = 0.132573\n",
      "Norm of gradient (rotation) = 0.137438\n",
      "around x=-0.83; around y=-2.53; around z=2.20\n",
      "step: 0.78 seconds\n",
      "current score: 0.220401\n",
      "new_T: [ 0.99828597 -0.03778737 -0.04469038 -4.5566457   0.03839539  0.99918031\n",
      "  0.01282582  1.39213644  0.0441691  -0.01451974  0.99891855  1.73356014]\n",
      "det: 1.00\n",
      "\n",
      "iteration 20\n",
      "1: 1011249 valid, 104810 out-of-bound voxels after transform.\n",
      "2: 979132 valid, 404809 out-of-bound voxels after transform.\n",
      "Norm of gradient (translation) = 0.127028\n",
      "Norm of gradient (rotation) = 0.130830\n",
      "around x=-0.88; around y=-2.58; around z=2.23\n",
      "step: 0.78 seconds\n",
      "current score: 0.219385\n",
      "new_T: [ 0.99822603 -0.03825005 -0.04562591 -4.65365046  0.03890663  0.99915043\n",
      "  0.01359003  1.47111123  0.04506733 -0.01534107  0.99886615  1.75644284]\n",
      "det: 1.00\n",
      "\n",
      "iteration 21\n",
      "1: 1010553 valid, 105506 out-of-bound voxels after transform.\n",
      "2: 978738 valid, 405203 out-of-bound voxels after transform.\n",
      "Norm of gradient (translation) = 0.122025\n",
      "Norm of gradient (rotation) = 0.125326\n",
      "around x=-0.92; around y=-2.63; around z=2.26\n",
      "step: 0.78 seconds\n",
      "current score: 0.218448\n",
      "new_T: [ 0.99816773 -0.03867832 -0.04653136 -4.74761629  0.03938282  0.99912158\n",
      "  0.01431975  1.54636545  0.04593662 -0.01612605  0.99881419  1.77758524]\n",
      "det: 1.00\n",
      "\n",
      "iteration 22\n",
      "1: 1009905 valid, 106154 out-of-bound voxels after transform.\n",
      "2: 978340 valid, 405601 out-of-bound voxels after transform.\n",
      "Norm of gradient (translation) = 0.116874\n",
      "Norm of gradient (rotation) = 0.119735\n",
      "around x=-0.97; around y=-2.68; around z=2.29\n",
      "step: 0.78 seconds\n",
      "current score: 0.217566\n",
      "new_T: [ 0.99811085 -0.03907641 -0.04741059 -4.83893068  0.03982768  0.99909388\n",
      "  0.01500582  1.61694557  0.04678126 -0.01686573  0.99876277  1.79753296]\n",
      "det: 1.00\n",
      "\n",
      "iteration 23\n",
      "1: 1009287 valid, 106772 out-of-bound voxels after transform.\n",
      "2: 977964 valid, 405977 out-of-bound voxels after transform.\n",
      "Norm of gradient (translation) = 0.111631\n",
      "Norm of gradient (rotation) = 0.113684\n",
      "around x=-1.01; around y=-2.73; around z=2.31\n",
      "step: 0.78 seconds\n",
      "current score: 0.216754\n",
      "new_T: [ 0.99805618 -0.03943565 -0.04825661 -4.92688148  0.0402325   0.99906772\n",
      "  0.01565388  1.68345812  0.0475943  -0.01756494  0.9987123   1.81662611]\n",
      "det: 1.00\n",
      "\n",
      "iteration 24\n",
      "1: 1008671 valid, 107388 out-of-bound voxels after transform.\n",
      "2: 977618 valid, 406323 out-of-bound voxels after transform.\n",
      "Norm of gradient (translation) = 0.106193\n",
      "Norm of gradient (rotation) = 0.107283\n",
      "around x=-1.05; around y=-2.77; around z=2.33\n",
      "step: 0.78 seconds\n",
      "current score: 0.215993\n",
      "new_T: [ 0.99800458 -0.03974685 -0.04906163 -5.01068056  0.04058816  0.99904345\n",
      "  0.01627234  1.74676637  0.04836792 -0.01823119  0.99866319  1.83442363]\n",
      "det: 1.00\n",
      "\n",
      "iteration 25\n",
      "1: 1008078 valid, 107981 out-of-bound voxels after transform.\n",
      "2: 977298 valid, 406643 out-of-bound voxels after transform.\n",
      "Norm of gradient (translation) = 0.100504\n",
      "Norm of gradient (rotation) = 0.100458\n",
      "around x=-1.08; around y=-2.81; around z=2.35\n",
      "step: 0.78 seconds\n",
      "current score: 0.215269\n",
      "new_T: [ 0.99795675 -0.04000343 -0.04982028 -5.08978185  0.04088793  0.99902143\n",
      "  0.01686269  1.80704421  0.04909696 -0.01886529  0.99861584  1.85127894]\n",
      "det: 1.00\n",
      "\n",
      "iteration 26\n",
      "1: 1007551 valid, 108508 out-of-bound voxels after transform.\n",
      "2: 977011 valid, 406930 out-of-bound voxels after transform.\n",
      "Norm of gradient (translation) = 0.094823\n",
      "Norm of gradient (rotation) = 0.093839\n",
      "around x=-1.12; around y=-2.85; around z=2.36\n",
      "step: 0.78 seconds\n",
      "current score: 0.214567\n",
      "new_T: [ 0.99791274 -0.04020625 -0.05053335 -5.16426579  0.04113249  0.99900175\n",
      "  0.01742463  1.86424845  0.04978233 -0.01946682  0.99857036  1.86705853]\n",
      "det: 1.00\n",
      "\n",
      "iteration 27\n",
      "1: 1007062 valid, 108997 out-of-bound voxels after transform.\n",
      "2: 976750 valid, 407191 out-of-bound voxels after transform.\n",
      "Norm of gradient (translation) = 0.089573\n",
      "Norm of gradient (rotation) = 0.087750\n",
      "around x=-1.15; around y=-2.89; around z=2.37\n",
      "step: 0.78 seconds\n",
      "current score: 0.213921\n",
      "new_T: [ 0.99787235 -0.0403596  -0.05120417 -5.2344659   0.04132608  0.99898431\n",
      "  0.01795837  1.91843823  0.05042737 -0.02003623  0.99852673  1.88237599]\n",
      "det: 1.00\n",
      "\n",
      "iteration 28\n",
      "1: 1006627 valid, 109432 out-of-bound voxels after transform.\n",
      "2: 976499 valid, 407442 out-of-bound voxels after transform.\n",
      "Norm of gradient (translation) = 0.084928\n",
      "Norm of gradient (rotation) = 0.082556\n",
      "around x=-1.18; around y=-2.93; around z=2.38\n",
      "step: 0.78 seconds\n",
      "current score: 0.213292\n",
      "new_T: [ 0.99783538 -0.04046728 -0.05183581 -5.30069488  0.04147277  0.99896889\n",
      "  0.01847062  1.97031641  0.05103491 -0.02058041  0.99848479  1.8969578 ]\n",
      "det: 1.00\n",
      "\n",
      "iteration 29\n",
      "1: 1006245 valid, 109814 out-of-bound voxels after transform.\n",
      "2: 976232 valid, 407709 out-of-bound voxels after transform.\n",
      "Norm of gradient (translation) = 0.080486\n",
      "Norm of gradient (rotation) = 0.077828\n",
      "around x=-1.21; around y=-2.96; around z=2.39\n",
      "step: 0.78 seconds\n",
      "current score: 0.212720\n",
      "new_T: [ 0.99780169 -0.04053181 -0.05243055 -5.36318394  0.04157508  0.99895542\n",
      "  0.01896254  2.01999569  0.05160719 -0.02110066  0.99844452  1.91059929]\n",
      "det: 1.00\n",
      "\n",
      "iteration 30\n",
      "1: 1005892 valid, 110167 out-of-bound voxels after transform.\n",
      "2: 975983 valid, 407958 out-of-bound voxels after transform.\n",
      "Norm of gradient (translation) = 0.076359\n",
      "Norm of gradient (rotation) = 0.073583\n",
      "around x=-1.24; around y=-2.99; around z=2.39\n",
      "step: 0.78 seconds\n",
      "current score: 0.212192\n",
      "new_T: [ 0.99777113 -0.04055571 -0.05299054 -5.42215364  0.04163558  0.99894381\n",
      "  0.01943565  2.06764735  0.05214635 -0.02159863  0.99840586  1.92347352]\n",
      "det: 1.00\n",
      "\n",
      "iteration 31\n",
      "1: 1005552 valid, 110507 out-of-bound voxels after transform.\n",
      "2: 975749 valid, 408192 out-of-bound voxels after transform.\n",
      "Norm of gradient (translation) = 0.072674\n",
      "Norm of gradient (rotation) = 0.069926\n",
      "around x=-1.27; around y=-3.02; around z=2.39\n",
      "step: 0.78 seconds\n",
      "current score: 0.211695\n",
      "new_T: [ 0.99774338 -0.04054381 -0.05351966 -5.4779944   0.04165916  0.99893386\n",
      "  0.01989111  2.11341003  0.05265613 -0.02207581  0.99836866  1.93582118]\n",
      "det: 1.00\n",
      "\n",
      "iteration 32\n",
      "1: 1005222 valid, 110837 out-of-bound voxels after transform.\n",
      "2: 975536 valid, 408405 out-of-bound voxels after transform.\n",
      "Norm of gradient (translation) = 0.069008\n",
      "Norm of gradient (rotation) = 0.066564\n",
      "around x=-1.29; around y=-3.05; around z=2.39\n",
      "step: 0.78 seconds\n",
      "current score: 0.211231\n",
      "new_T: [ 0.99771825 -0.04049853 -0.05401998 -5.53092023  0.04164818  0.99892552\n",
      "  0.02032819  2.15718389  0.05313867 -0.02253164  0.99833291  1.94725596]\n",
      "det: 1.00\n",
      "\n",
      "iteration 33\n",
      "1: 1004913 valid, 111146 out-of-bound voxels after transform.\n",
      "2: 975347 valid, 408594 out-of-bound voxels after transform.\n",
      "Norm of gradient (translation) = 0.065646\n",
      "Norm of gradient (rotation) = 0.063564\n",
      "around x=-1.32; around y=-3.07; around z=2.39\n",
      "step: 0.77 seconds\n",
      "current score: 0.210851\n",
      "new_T: [ 0.99769534 -0.04042535 -0.05449594 -5.58137821  0.04160805  0.99891862\n",
      "  0.02074515  2.19879934  0.05359838 -0.02296481  0.99829847  1.95805795]\n",
      "det: 1.00\n",
      "\n",
      "iteration 34\n",
      "1: 1004625 valid, 111434 out-of-bound voxels after transform.\n"
     ]
    },
    {
     "name": "stderr",
     "output_type": "stream",
     "text": [
      "2: 975154 valid, 408787 out-of-bound voxels after transform.\n",
      "Norm of gradient (translation) = 0.062252\n",
      "Norm of gradient (rotation) = 0.060693\n",
      "around x=-1.34; around y=-3.10; around z=2.38\n",
      "step: 0.78 seconds\n",
      "current score: 0.210497\n",
      "new_T: [ 0.99767485 -0.04032197 -0.05494577 -5.62918959  0.04153646  0.99891325\n",
      "  0.02114315  2.23838415  0.05403352 -0.02337624  0.99826546  1.9683596 ]\n",
      "det: 1.00\n",
      "\n",
      "iteration 35\n",
      "1: 1004360 valid, 111699 out-of-bound voxels after transform.\n",
      "2: 975011 valid, 408930 out-of-bound voxels after transform.\n",
      "Norm of gradient (translation) = 0.059298\n",
      "Norm of gradient (rotation) = 0.058362\n",
      "around x=-1.36; around y=-3.12; around z=2.38\n",
      "step: 0.78 seconds\n",
      "current score: 0.210211\n",
      "new_T: [ 0.99765644 -0.04019282 -0.05537295 -5.67470612  0.04143797  0.9989092\n",
      "  0.02152472  2.27621021  0.05444741 -0.02376882  0.9982337   1.97816342]\n",
      "det: 1.00\n",
      "\n",
      "iteration 36\n",
      "1: 1004113 valid, 111946 out-of-bound voxels after transform.\n",
      "2: 974880 valid, 409061 out-of-bound voxels after transform.\n",
      "Norm of gradient (translation) = 0.056050\n",
      "Norm of gradient (rotation) = 0.055930\n",
      "around x=-1.39; around y=-3.14; around z=2.37\n",
      "step: 0.78 seconds\n",
      "current score: 0.209978\n",
      "new_T: [ 0.9976404  -0.04003476 -0.05577503 -5.71767948  0.04130922  0.99890665\n",
      "  0.02188718  2.31200497  0.0548378  -0.02413956  0.99820343  1.98776037]\n",
      "det: 1.00\n",
      "\n",
      "iteration 37\n",
      "1: 1003900 valid, 112159 out-of-bound voxels after transform.\n",
      "2: 974761 valid, 409180 out-of-bound voxels after transform.\n",
      "Norm of gradient (translation) = 0.053048\n",
      "Norm of gradient (rotation) = 0.053911\n",
      "around x=-1.41; around y=-3.16; around z=2.36\n",
      "step: 0.78 seconds\n",
      "current score: 0.209776\n",
      "new_T: [ 0.99762657 -0.03984991 -0.05615355 -5.75826563  0.04115241  0.9989055\n",
      "  0.02223257  2.34598317  0.05520612 -0.02449065  0.99817458  1.99711532]\n",
      "det: 1.00\n",
      "\n",
      "iteration 38\n",
      "1: 1003696 valid, 112363 out-of-bound voxels after transform.\n",
      "2: 974654 valid, 409287 out-of-bound voxels after transform.\n",
      "Norm of gradient (translation) = 0.050124\n",
      "Norm of gradient (rotation) = 0.052203\n",
      "around x=-1.42; around y=-3.18; around z=2.35\n",
      "step: 0.78 seconds\n",
      "current score: 0.209611\n",
      "new_T: [ 0.99761495 -0.03963841 -0.05650847 -5.79646073  0.04096771  0.9989057\n",
      "  0.02256228  2.37829373  0.0555523  -0.02482349  0.99814715  2.00618544]\n",
      "det: 1.00\n",
      "\n",
      "iteration 39\n",
      "1: 1003525 valid, 112534 out-of-bound voxels after transform.\n",
      "2: 974568 valid, 409373 out-of-bound voxels after transform.\n",
      "Norm of gradient (translation) = 0.047214\n",
      "Norm of gradient (rotation) = 0.050574\n",
      "around x=-1.44; around y=-3.20; around z=2.34\n",
      "step: 0.78 seconds\n",
      "current score: 0.209469\n",
      "new_T: [ 0.99760547 -0.03940128 -0.05684064 -5.83234986  0.04075594  0.99890729\n",
      "  0.02287321  2.40863282  0.05587729 -0.02513503  0.99812121  2.01548663]\n",
      "det: 1.00\n",
      "\n",
      "iteration 40\n",
      "1: 1003369 valid, 112690 out-of-bound voxels after transform.\n",
      "2: 974488 valid, 409453 out-of-bound voxels after transform.\n",
      "Norm of gradient (translation) = 0.044320\n",
      "Norm of gradient (rotation) = 0.049366\n",
      "around x=-1.46; around y=-3.22; around z=2.33\n",
      "step: 0.77 seconds\n",
      "current score: 0.209368\n",
      "new_T: [ 0.9975982  -0.039138   -0.0571494  -5.86586711  0.04051672  0.99891022\n",
      "  0.02316831  2.43729079  0.05618036 -0.02542817  0.99809678  2.02456823]\n",
      "det: 1.00\n",
      "\n",
      "iteration 41\n",
      "1: 1003244 valid, 112815 out-of-bound voxels after transform.\n",
      "2: 974421 valid, 409520 out-of-bound voxels after transform.\n",
      "Norm of gradient (translation) = 0.041495\n",
      "Norm of gradient (rotation) = 0.048581\n",
      "around x=-1.48; around y=-3.24; around z=2.31\n",
      "step: 0.77 seconds\n",
      "current score: 0.209277\n",
      "new_T: [ 0.99759307 -0.03884917 -0.05743522 -5.89705943  0.04025074  0.9989144\n",
      "  0.02345015  2.46451693  0.05646185 -0.02570551  0.99807379  2.03298067]\n",
      "det: 1.00\n",
      "\n",
      "iteration 42\n",
      "1: 1003134 valid, 112925 out-of-bound voxels after transform.\n",
      "2: 974347 valid, 409594 out-of-bound voxels after transform.\n",
      "Norm of gradient (translation) = 0.038607\n",
      "Norm of gradient (rotation) = 0.047931\n",
      "around x=-1.49; around y=-3.25; around z=2.29\n",
      "step: 0.78 seconds\n",
      "current score: 0.209201\n",
      "new_T: [ 0.99759007 -0.03853515 -0.05769833 -5.92594905  0.0399582   0.99891986\n",
      "  0.02371615  2.49005175  0.0567221  -0.02596452  0.99805233  2.04100975]\n",
      "det: 1.00\n",
      "\n",
      "iteration 43\n",
      "1: 1003053 valid, 113006 out-of-bound voxels after transform.\n",
      "2: 974292 valid, 409649 out-of-bound voxels after transform.\n",
      "Norm of gradient (translation) = 0.035988\n",
      "Norm of gradient (rotation) = 0.047722\n",
      "around x=-1.50; around y=-3.27; around z=2.28\n",
      "step: 0.78 seconds\n",
      "current score: 0.209161\n",
      "new_T: [ 0.99758903 -0.03819787 -0.05794009 -5.95267612  0.03964129  0.99892642\n",
      "  0.02397049  2.51432131  0.05696226 -0.02620951  0.99803224  2.0482949 ]\n",
      "det: 1.00\n",
      "\n",
      "iteration 44\n",
      "1: 1002985 valid, 113074 out-of-bound voxels after transform.\n",
      "2: 974244 valid, 409697 out-of-bound voxels after transform.\n",
      "Norm of gradient (translation) = 0.033365\n",
      "Norm of gradient (rotation) = 0.047588\n",
      "around x=-1.52; around y=-3.28; around z=2.26\n",
      "step: 0.77 seconds\n",
      "current score: 0.209139\n",
      "new_T: [ 0.9975898  -0.0378391  -0.05816181 -5.97737105  0.03930164  0.99893404\n",
      "  0.02421097  2.53709715  0.05718369 -0.02643847  0.99801354  2.05495242]\n",
      "det: 1.00\n",
      "\n",
      "iteration 45\n",
      "1: 1002934 valid, 113125 out-of-bound voxels after transform.\n",
      "2: 974214 valid, 409727 out-of-bound voxels after transform.\n",
      "Norm of gradient (translation) = 0.030777\n",
      "Norm of gradient (rotation) = 0.047789\n",
      "around x=-1.53; around y=-3.29; around z=2.24\n",
      "step: 0.78 seconds\n",
      "current score: 0.209163\n",
      "new_T: [ 0.99759246 -0.03745792 -0.05836262 -5.9999458   0.03893839  0.9989427\n",
      "  0.0244392   2.55855084  0.05738547 -0.02665291  0.99799626  2.06097953]\n",
      "det: 1.00\n",
      "\n",
      "iteration 46\n",
      "1: 1002902 valid, 113157 out-of-bound voxels after transform.\n",
      "2: 974196 valid, 409745 out-of-bound voxels after transform.\n",
      "Norm of gradient (translation) = 0.028473\n",
      "Norm of gradient (rotation) = 0.047974\n",
      "around x=-1.54; around y=-3.30; around z=2.21\n",
      "step: 0.78 seconds\n",
      "current score: 0.209222\n",
      "new_T: [ 0.99759663 -0.03705846 -0.05854592 -6.02074412  0.0385557   0.99895227\n",
      "  0.02465418  2.57858964  0.05757093 -0.0268522   0.99798023  2.06666787]\n",
      "det: 1.00\n",
      "\n",
      "iteration 47\n",
      "1: 1002880 valid, 113179 out-of-bound voxels after transform.\n",
      "2: 974178 valid, 409763 out-of-bound voxels after transform.\n",
      "Norm of gradient (translation) = 0.026223\n",
      "Norm of gradient (rotation) = 0.048516\n",
      "around x=-1.55; around y=-3.31; around z=2.19\n",
      "step: 0.78 seconds\n",
      "current score: 0.209268\n",
      "new_T: [ 0.99760245 -0.03663943 -0.05871036 -6.03963111  0.03815237  0.99896268\n",
      "  0.02485898  2.5975351   0.05773864 -0.02703932  0.99796549  2.0718738 ]\n",
      "det: 1.00\n",
      "\n",
      "iteration 48\n",
      "1: 1002863 valid, 113196 out-of-bound voxels after transform.\n",
      "2: 974163 valid, 409778 out-of-bound voxels after transform.\n",
      "Norm of gradient (translation) = 0.024070\n",
      "Norm of gradient (rotation) = 0.049224\n",
      "around x=-1.56; around y=-3.32; around z=2.17\n",
      "step: 0.78 seconds\n",
      "current score: 0.209333\n",
      "new_T: [ 0.99760985 -0.03620124 -0.05885623 -6.05663363  0.03772888  0.99897388\n",
      "  0.02505436  2.61547141  0.05788883 -0.02721506  0.99795201  2.07668806]\n",
      "det: 1.00\n",
      "\n",
      "iteration 49\n",
      "1: 1002864 valid, 113195 out-of-bound voxels after transform.\n",
      "2: 974183 valid, 409758 out-of-bound voxels after transform.\n",
      "Norm of gradient (translation) = 0.022017\n",
      "Norm of gradient (rotation) = 0.049925\n",
      "around x=-1.57; around y=-3.33; around z=2.14\n",
      "step: 0.78 seconds\n",
      "current score: 0.209460\n",
      "new_T: [ 0.9976187  -0.03574543 -0.05898477 -6.07187845  0.03728665  0.99898585\n",
      "  0.02523844  2.6322202   0.05802279 -0.02737769  0.99793979  2.0815204 ]\n",
      "det: 1.00\n",
      "\n",
      "iteration 50\n",
      "1: 1002879 valid, 113180 out-of-bound voxels after transform.\n",
      "2: 974196 valid, 409745 out-of-bound voxels after transform.\n",
      "Norm of gradient (translation) = 0.020095\n",
      "Norm of gradient (rotation) = 0.050888\n",
      "around x=-1.58; around y=-3.33; around z=2.11\n",
      "step: 0.78 seconds\n",
      "current score: 0.209617\n",
      "new_T: [ 0.99762898 -0.03527208 -0.05909573 -6.08534108  0.03682603  0.99899844\n",
      "  0.02541581  2.64824608  0.05814008 -0.02753181  0.99792872  2.08583762]\n",
      "det: 1.00\n",
      "\n",
      "iteration 51\n",
      "1: 1002896 valid, 113163 out-of-bound voxels after transform.\n",
      "2: 974229 valid, 409712 out-of-bound voxels after transform.\n",
      "Norm of gradient (translation) = 0.018319\n",
      "Norm of gradient (rotation) = 0.051620\n",
      "around x=-1.59; around y=-3.34; around z=2.09\n",
      "step: 0.78 seconds\n",
      "current score: 0.209775\n",
      "new_T: [ 0.99764042 -0.0347841  -0.05919163 -6.09727375  0.03634974  0.99901164\n",
      "  0.02558215  2.66312732  0.05824327 -0.02767339  0.99791879  2.09040598]\n",
      "det: 1.00\n",
      "\n",
      "iteration 52\n",
      "1: 1002934 valid, 113125 out-of-bound voxels after transform.\n"
     ]
    },
    {
     "name": "stderr",
     "output_type": "stream",
     "text": [
      "2: 974267 valid, 409674 out-of-bound voxels after transform.\n",
      "Norm of gradient (translation) = 0.016667\n",
      "Norm of gradient (rotation) = 0.052492\n",
      "around x=-1.60; around y=-3.34; around z=2.06\n",
      "step: 0.78 seconds\n",
      "current score: 0.209962\n",
      "new_T: [ 0.997653   -0.03428197 -0.05927252 -6.10768565  0.03585844  0.99902532\n",
      "  0.02574074  2.67719813  0.05833231 -0.02780574  0.99790991  2.09485739]\n",
      "det: 1.00\n",
      "\n",
      "iteration 53\n",
      "1: 1002987 valid, 113072 out-of-bound voxels after transform.\n",
      "2: 974314 valid, 409627 out-of-bound voxels after transform.\n",
      "Norm of gradient (translation) = 0.015063\n",
      "Norm of gradient (rotation) = 0.053425\n",
      "around x=-1.60; around y=-3.35; around z=2.03\n",
      "step: 0.78 seconds\n",
      "current score: 0.210176\n",
      "new_T: [ 0.9976667  -0.03376554 -0.05933834 -6.11656759  0.03535188  0.99903951\n",
      "  0.0258902   2.69032892  0.05840715 -0.02792751  0.99790213  2.09954587]\n",
      "det: 1.00\n",
      "\n",
      "iteration 54\n",
      "1: 1003051 valid, 113008 out-of-bound voxels after transform.\n",
      "2: 974370 valid, 409571 out-of-bound voxels after transform.\n",
      "Norm of gradient (translation) = 0.013520\n",
      "Norm of gradient (rotation) = 0.054444\n",
      "around x=-1.61; around y=-3.35; around z=2.00\n",
      "step: 0.78 seconds\n",
      "current score: 0.210409\n",
      "new_T: [ 0.99768146 -0.03323543 -0.05938942 -6.12395613  0.03483087  0.99905409\n",
      "  0.02603349  2.7028114   0.05846801 -0.02804171  0.99789536  2.10397479]\n",
      "det: 1.00\n",
      "\n",
      "iteration 55\n",
      "1: 1003128 valid, 112931 out-of-bound voxels after transform.\n",
      "2: 974432 valid, 409509 out-of-bound voxels after transform.\n",
      "Norm of gradient (translation) = 0.012212\n",
      "Norm of gradient (rotation) = 0.055268\n",
      "around x=-1.62; around y=-3.35; around z=1.97\n",
      "step: 0.78 seconds\n",
      "current score: 0.210661\n",
      "new_T: [ 0.99769706 -0.03269415 -0.05942778 -6.13005388  0.03429787  0.99906898\n",
      "  0.02616908  2.71450364  0.05851687 -0.02814706  0.99788953  2.10856634]\n",
      "det: 1.00\n",
      "\n",
      "iteration 56\n",
      "1: 1003212 valid, 112847 out-of-bound voxels after transform.\n",
      "2: 974513 valid, 409428 out-of-bound voxels after transform.\n",
      "Norm of gradient (translation) = 0.010662\n",
      "Norm of gradient (rotation) = 0.056188\n",
      "around x=-1.62; around y=-3.36; around z=1.94\n",
      "step: 0.78 seconds\n",
      "current score: 0.210917\n",
      "new_T: [ 0.99771355 -0.03214103 -0.05945272 -6.13479238  0.03375214  0.99908424\n",
      "  0.02629594  2.72527947  0.0585531  -0.02824248  0.99788471  2.11297454]\n",
      "det: 1.00\n",
      "\n",
      "iteration 57\n",
      "1: 1003315 valid, 112744 out-of-bound voxels after transform.\n",
      "2: 974603 valid, 409338 out-of-bound voxels after transform.\n",
      "Norm of gradient (translation) = 0.009507\n",
      "Norm of gradient (rotation) = 0.057098\n",
      "around x=-1.63; around y=-3.36; around z=1.91\n",
      "step: 0.78 seconds\n",
      "current score: 0.211230\n",
      "new_T: [ 0.99773081 -0.03157718 -0.05946519 -6.1382657   0.03319495  0.99909972\n",
      "  0.02641668  2.73542803  0.05857749 -0.02833068  0.99788078  2.11741853]\n",
      "det: 1.00\n",
      "\n",
      "iteration 58\n",
      "1: 1003425 valid, 112634 out-of-bound voxels after transform.\n",
      "2: 974688 valid, 409253 out-of-bound voxels after transform.\n",
      "Norm of gradient (translation) = 0.008093\n",
      "Norm of gradient (rotation) = 0.057915\n",
